x,y
1.118299470751091995e+01,-7.049099677416003074e-01
6.442835070900690297e+00,6.095463864845581670e-01
1.119624881557145812e+01,-7.772749605331411571e-01
1.635768327952477064e-01,8.074218938053165928e-01
4.858490506096177164e+00,-5.503401531992062612e-01
8.952227952190610072e-01,8.978428621099137086e-01
1.102415840217790688e+01,-6.651575677729915093e-02
1.246874082080204715e+01,2.043415170445995743e-01
1.007876278628780398e+01,-5.800199733912304589e-01
1.145583673729359653e+01,-3.612231616625413144e-01
5.285308484198378842e+00,-1.290251358983023344e-01
4.560727288596273965e+00,-3.707801456328452261e-01
4.663227718952327905e+00,-8.640412901552787517e-01
3.787396560915736732e+00,3.042675603833692177e-01
1.121828217505846403e+01,2.270255033187229543e-02
7.624090785947334581e+00,1.291294382049398504e+00
6.532083612487851632e+00,1.234330951756048789e+00
6.788849250830873316e+00,5.011946998363718819e-01
6.125501887889489794e+00,4.084084793095701382e-01
3.098114229762610972e+00,2.534360576911496854e-01
1.752469658919597606e+00,1.390675715784216893e+00
5.904668009779512339e-01,1.516776378961880223e+00
8.683238622819311914e+00,8.179584994940244380e-01
8.150772173051924696e+00,1.020007574272899342e+00
2.529818496745831702e+00,1.047624620771644199e+00
1.509782127365324689e+00,1.474278384775400408e+00
8.638231969956745360e+00,1.443801630892082244e+00
4.785130678102799351e+00,-1.055216744099499726e-01
1.180112496801174515e+01,2.513387222301836088e-01
9.481511901122189556e+00,3.612337855673783404e-01
8.987838959270725070e+00,9.813293045894755373e-01
1.139869609912627268e+01,-6.577455652746405645e-01
3.384938610371012402e+00,-1.861055556699628966e-01
6.168366130062747033e+00,2.562707517197608809e-01
4.298680995816813066e+00,3.527745093475698202e-02
8.303122062888780519e+00,1.063246564629650948e+00
5.242363218583012241e+00,-2.688373028947139698e-01
4.513616951671933997e+00,-5.709533499501614484e-01
2.366629135657855265e+00,1.318126220405657856e+00
9.412225492310424713e+00,3.693488276944950632e-01
5.089796996916269300e+00,9.270576280578923800e-04
3.394645497796550337e+00,-1.968580923072985600e-01
7.635294181669022073e+00,1.236956570281891432e+00
6.981575438658365940e+00,1.578168142369757554e+00
2.936498561686852860e+00,7.789119554524605027e-01
7.098379012814304723e+00,1.394530798143030159e+00
4.846073950525519258e+00,-8.067276000269449909e-01
8.174216438912020877e+00,1.545732060941525710e+00
4.810915501391848537e+00,-4.022625516696721748e-01
5.436251354075891662e+00,-6.085333213890413706e-01
4.765982060988527280e+00,-7.881507830639941092e-01
9.328963085299909253e+00,9.694830466703359129e-01
1.015997028018152903e+01,1.792034599032366060e-01
6.807947310761246484e+00,1.383860645747780449e+00
1.068816802799424437e+01,-8.812959430263465066e-01
1.096119460503078891e+01,-4.856190044992091392e-01
1.610223489599816427e+00,1.730546002066964295e+00
1.678904028556149342e-01,1.041063828303817163e+00
1.220686934830469461e+01,6.402406921103316328e-01
3.038344302611971415e+00,9.416722680264966172e-01
1.311501773875779930e+00,1.764901442649223107e+00
6.764350985862922272e+00,1.006517731254266135e+00
1.081374781308811528e+01,-8.372684144841089360e-01
9.353940843002021666e+00,2.977547152623952753e-01
5.413622371202612804e+00,-6.557964014947386122e-01
9.844448032736739407e+00,-2.668339856188248760e-01
1.662366591660858983e+00,1.129562928018196466e+00
1.031430272192230468e+01,-5.493760376286538349e-02
1.047147031584647792e+01,-2.993700090650585066e-01
1.019221814616296484e+01,7.284883480538950629e-02
2.618942538628312722e+00,5.412038472464675287e-01
8.158280757287386109e+00,1.921209493058475104e+00
1.077742048082528470e+01,-6.176736965198610374e-01
5.777011965229004176e+00,-2.650252335329145170e-02
1.479333668811187108e+00,1.452241304717757586e+00
1.231156619982160372e+01,3.886745076300062718e-01
6.259065753818726652e-01,8.897506099901000276e-01
1.136287530923462974e+01,-5.381493471689339225e-01
8.618282124167961911e+00,1.138383984128692239e+00
9.553185036270104291e+00,2.032117793071311906e-01
1.096164588071872537e+01,-5.119532816829833743e-01
3.878834174954389979e+00,-5.680378416996889612e-01
6.543485546286115451e+00,9.818197546688105515e-01
9.962324650248115532e+00,4.192887330102301746e-02
9.316063323279037078e+00,3.629344531824711395e-01
6.492956150950798255e-01,8.690036818163510146e-01
2.521010323089471594e+00,8.725064098924837364e-01
1.436770653219235694e+00,1.810104225802369626e+00
4.225747952020094012e+00,-4.923905618161388276e-01
9.941137756818427818e+00,-4.233385658961363873e-01
5.555875388056426445e+00,1.451736659376324790e-01
2.693044698825464600e+00,8.197686113318503054e-01
8.653166262128047848e+00,1.130372172951364274e+00
4.004808828174557966e+00,-1.956784762336681860e-01
6.769687374439041783e+00,1.423396988639061611e+00
1.459005891333774674e+00,1.689229502587968668e+00
3.698163792371376157e-01,1.217254498652533989e+00
1.002114088710818640e+00,9.443876769768150270e-01
2.653705305482548571e+00,6.165800733062094530e-01
7.612307863684263376e-01,1.047279794343265458e+00
6.817747589671255604e+00,5.775622430778486471e-01
8.965974863295764763e+00,4.789741975675447794e-01
9.570139895675719544e+00,-7.252598578236646443e-02
5.609774779204408368e+00,-4.581632611939923105e-01
1.195002501549874019e+01,2.668974521764126973e-01
3.908429817956339924e+00,-5.614019340348666010e-01
9.710703534405535464e+00,3.719951800445669976e-02
1.125051315506555305e+01,-7.270361988537310527e-02
6.471829772734635888e+00,5.852448227924886837e-01
5.702805059306509605e+00,3.752321229439238293e-01
4.656026049359094365e+00,-2.376447508220586036e-01
1.220034849376126296e+01,1.949559972153693810e-01
7.517279222296294527e+00,1.144138208593226569e+00
4.393051283025371845e+00,-3.180585857532055583e-01
3.970447992586174202e+00,-3.235991559746220769e-01
9.765639353219768282e+00,4.421957504593934662e-01
1.186133712444961930e+01,2.613656780245765532e-01
1.132964927927675891e+00,1.680444128470373277e+00
5.929492239028532730e+00,-1.180198343095623659e-01
7.331359728110369289e+00,1.357767244652597460e+00
6.825309025255637430e+00,9.377539051241045032e-01
1.001930391691215583e+01,3.089844706384510253e-01
2.839245898471194796e+00,7.982065025161313443e-01
1.156166561648804070e+01,-1.728108828954819653e-01
1.058521861638665840e+01,-6.343185766761624267e-01
4.098187859247085285e+00,-4.919243450080847957e-01
7.163592572721039886e+00,1.540321463721276318e+00
4.925093513951179780e+00,-6.154022096576438061e-01
4.135330470465042353e-03,4.165232099802501087e-01
8.855701412514930260e-01,1.379936409705164735e+00
1.299783341681320037e+00,1.636696073835617771e+00
4.854750657542246661e-01,5.565339091470489219e-01
7.942110639371779079e+00,1.871089166112031243e+00
1.233092426618211057e+01,1.286738072038962066e-02
1.109913522183234136e+01,-2.509720743864459758e-01
7.201652125256162940e+00,1.437117579751480800e+00
1.089563135126562976e+01,-5.521990380753208916e-01
6.402605281843054996e+00,5.701948287251751291e-01
9.102997793582197517e+00,1.116629159291999018e+00
6.220928463534691311e+00,3.649269378298530264e-01
2.208668801831856765e+00,8.372884529985946678e-01
6.823097361851900189e+00,1.464708090680310049e+00
9.977442599551716640e+00,-4.441863231422832348e-01
7.217657760983455795e-01,9.714733749418867914e-01
1.016142212939855050e+01,2.734109747085977649e-02
1.238585930601283280e+01,3.180504589772242818e-01
9.326339859392058784e+00,6.137300843601063427e-01
2.991417689573763194e+00,3.494584204340349665e-01
2.283758020404049294e+00,1.511835682799679503e+00
6.420805469646327701e+00,9.444471901410030901e-01
1.109994830589483250e+01,-7.838284018735590664e-01
8.421682858122272464e+00,1.058896399404273714e+00
5.785692470581570213e+00,-1.898626956092887563e-01
7.559557389261691185e+00,1.557055206495049360e+00
2.862901478116127496e+00,8.414690753185087857e-01
6.978071892491185757e+00,8.748645188421939611e-01
1.217819858079160156e+01,-1.393642715543760846e-01
1.356768104280458243e+00,1.014065770747217821e+00
9.539616262910771027e+00,6.568206271598556745e-01
7.340091018806725209e+00,1.435030658875940723e+00
1.622246279184792916e+00,1.871260759602118906e+00
8.017286203128062283e+00,1.548150416136374385e+00
1.258753374090707311e+00,1.299665932712813277e+00
7.121657155153822139e+00,1.714771054622531210e+00
3.985025245523717619e+00,-4.631019404085522373e-01
5.491069838345077336e+00,-7.079001457782433393e-01
1.789320608338347551e-01,1.067481183891638263e+00
1.125710486555175116e+01,-1.109962468385407020e-01
5.096929969200965083e+00,-4.331153796625745178e-01
4.858462788645662833e+00,-8.104920973637139703e-01
3.097457252891600010e+00,3.446753267911646379e-01
4.216539538724791925e+00,-6.847014891248984769e-01
6.768532606674314778e+00,1.431890419122948455e+00
1.082901914319897330e+01,-5.722820191354105468e-02
4.305326310416883184e-01,4.687550291121386770e-01
7.388855055423560358e+00,1.038397238514656706e+00
4.022111450696985280e+00,-6.721273434439409833e-01
2.710214877771905950e+00,1.135328267948336300e+00
8.821071983297041896e+00,9.297548108822029089e-01
9.840647948438434156e+00,1.367587861281249761e-01
1.215715246893572221e+01,-2.128824616078795473e-01
5.641423891751802255e-01,6.142382687108900452e-01
1.919406950182172666e+00,1.733645165196591398e+00
1.190795593825612997e+01,-4.433262210380147783e-01
1.946442153817870890e+00,1.601663475169145867e+00
5.912728253863511085e+00,4.544458465420673776e-01
1.092504248786914189e+01,-5.831018860400103421e-01
5.586582627579852023e+00,-4.605102774706050228e-01
6.028393665818911451e+00,-1.089406472287254291e-01
4.691433021369777023e+00,-1.237380502121758763e-01
8.699146837286899636e-01,9.865337169364246650e-01
1.501962501930526717e+00,1.282237181667371662e+00
7.400522460694805460e+00,1.858594566915592106e+00
1.212873657080938550e+01,-5.695852216854369043e-02
8.972913107229830487e+00,5.614123617890407481e-01
2.589381566604973539e+00,8.954364675061794454e-01
7.778892792109991738e+00,1.255118969906664050e+00
1.049214202713468325e+01,-3.550650908016749208e-01
5.458961497861425372e+00,-2.841543377687341110e-01
1.588722637657930203e+00,1.435460189531048369e+00
